Year of max ace: 2005
All data in order of Ace:
      2005        248         28         15          7
      1950        243         13         11          8
      1995        228         19         11          5
      2004        225         14          9          6
      1961        205         11          8          7
      1955        199         12          9          6
      1998        182         14         10          3
      1999        177         12          8          5
      2003        175         16          7          3
      1964        170         12          6          6
      1996        166         13          9          6
      1969        158         17         12          5
      1980        147         11          9          2
      1966        145         11          7          3
      2008        145         16          8          5
      1951        137         10          8          5
      1989        135         11          7          2
      2012        133         19         10          2
      2011        126         19          7          4
      1967        122          8          6          1
      1958        121         10          7          5
      1963        118          9          7          2
      2000        116         14          8          3
      1954        113         11          8          2
      2016        112         14          6          2
      2001        106         15          9          4
      1988        103         12          5          3
      1971         97         13          6          1
      1981         93         11          7          3
      1979         91          8          5          2
      1990         91         14          8          1
      1960         88          7          4          2
      1985         88         11          7          3
      1952         87          7          6          3
      1953        104         14          6          4
      1965         84          6          4          1
      1976         81          8          6          2
      2006         79         10          5          2
      1959         77         11          7          5
      1992         75          6          4          1
      1975         73          8          6          3
      2007         72         15          6          2
      1984         71         12          5          1
      2014         67          8          6          2
      2002         65         12          4          2
      2015         63         11          4          2
      1978         62         11          5          2
      2010         62         19         12          5
      1974         61          7          4          2
      1956         54          8          4          2
      1957         84          8          3          2
      2009         51          9          3          2
      1973         43          7          4          1
      1997         40          7          3          1
      1993         39          8          4          1
      1962         36          5          3          1
      2013         36         14          2          0
      1986         36          6          4          0
      1968         35          7          4          0
      1970         34         10          5          2
      1991         34          8          4          2
      1987         34          7          3          1
      1994         32          7          3          0
      1982         29          5          2          1
      1972         28          4          3          0
      1977         25          6          5          1
      1983         17          4          3          1
